Multiple size <= 100
TEST 1 ARG:10 74 75 42 73 37 23 16 77 84 0 51 6 69 49 52 17 72 67 11 33 96 50 97 95 82 48 47 80 54 58 91 12 38 43 7 20 87 1 70 29 31 65 68 9 25 46 76 45 85 61 44 19 92 26 5 3 79 63 66 64 2 18 14 13 71 60 94 40 57 4 22 21 83 89 15 55 8 39 93 90 99 98 88 56 53 27 59 30 81 34 86 35 28 32 41 36 78 62 24
TEST 2 ARG:76 91 78 83 54 15 66 69 20 39 10 9 40 99 95 86 68 6 51 52 88 42 34 48 30 58 31 92 56 27 97 81 44 29 2 28 94 87 73 62 35 33 70 50 93 82 8 5 37 72 19 25 74 23 12 11 13 22 65 90 4 96 36 7 80 53 49 46 57 38 98 21 64 84 0 32 3 45 89 60 77 1 85 63 61 47 75 67 59 24 55 71 17 18 79 43 16 41 26 14
TEST 3 ARG:8 79 41 64 9 94 37 18 20 86 50 45 69 4 88 98 10 26 25 5 51 35 73 58 61 66 39 54 59 77 12 6 53 7 14 28 55 70 16 46 56 49 99 62 92 57 89 95 76 21 52 31 0 13 44 22 63 72 23 83 81 42 29 67 82 3 47 78 87 91 85 2 1 65 93 32 33 75 74 24 80 90 30 43 71 84 96 34 15 36 38 40 11 17 19 68 27 97 48 60
TEST 4 ARG:15 45 97 78 63 70 0 9 86 68 18 88 56 13 92 59 36 87 90 14 98 81 16 69 80 39 82 50 27 83 67 60 23 40 71 74 31 33 75 6 20 76 26 17 19 42 1 46 51 22 61 57 73 3 95 55 25 37 91 77 21 12 52 44 64 84 49 11 66 24 29 99 41 65 43 79 94 10 8 34 58 62 35 89 2 54 48 32 30 96 7 47 4 38 53 28 5 85 72 93
TEST 5 ARG:41 92 84 26 88 89 80 46 19 63 96 18 8 60 90 3 22 53 28 66 17 72 23 21 82 27 7 6 57 70 83 50 10 78 31 73 54 15 2 62 11 55 20 9 5 91 44 12 75 59 67 13 97 37 56 35 25 48 52 30 16 94 36 4 81 29 14 71 40 93 65 77 85 42 69 47 43 76 61 95 38 33 34 86 64 87 74 1 98 32 45 39 0 58 24 79 49 99 51 68
TEST 6 ARG:43 12 80 11 2 58 33 77 18 47 53 79 69 63 16 13 20 40 39 71 36 23 15 28 76 7 73 54 6 87 49 82 38 89 64 98 91 88 66 72 70 31 85 41 59 29 5 46 10 37 67 83 25 35 48 42 75 19 68 62 21 24 3 60 1 81 0 99 57 9 17 92 45 84 96 30 14 61 52 86 27 90 94 93 44 50 65 97 4 34 8 95 56 26 78 51 55 22 32 74
TEST 7 ARG:90 76 67 46 79 19 2 50 61 27 65 20 88 34 98 80 74 23 82 22 60 16 3 29 94 41 70 47 51 4 12 48 8 49 10 63 69 77 17 83 6 7 97 58 30 43 0 99 45 86 85 78 14 71 11 42 13 38 37 66 9 55 84 81 72 56 68 59 24 26 73 54 40 35 18 15 91 52 44 89 64 92 36 57 53 96 21 93 75 33 25 32 28 95 5 31 62 1 87 39
TEST 8 ARG:92 82 28 17 69 75 7 34 71 74 3 51 86 56 77 52 25 65 29 39 11 9 55 50 76 94 13 58 84 16 78 37 54 0 79 19 89 48 49 61 8 70 2 23 6 73 40 1 43 72 91 93 26 45 32 98 96 53 22 14 63 85 46 27 36 99 66 81 42 38 12 4 41 18 60 67 83 21 24 10 30 68 95 90 20 87 33 59 44 80 35 97 62 88 31 57 64 15 5 47
TEST 9 ARG:7 46 94 60 1 76 31 93 26 42 54 32 19 63 69 38 45 28 6 40 9 64 83 82 72 17 84 92 74 16 66 30 96 77 35 78 10 37 33 89 21 23 39 65 50 55 29 44 68 59 58 85 70 25 98 51 87 13 79 57 71 80 8 34 97 48 36 47 90 12 5 22 24 53 49 27 52 0 61 15 91 20 3 86 18 81 14 95 11 67 99 43 2 73 75 88 41 62 56 4
TEST 10 ARG:31 38 83 23 60 18 89 39 6 95 87 36 46 17 47 93 28 49 12 37 50 62 59 3 55 33 77 79 56 16 69 80 14 58 0 71 82 72 42 54 97 74 76 30 44 75 86 35 43 52 67 96 53 92 11 32 45 51 24 15 78 13 8 19 68 20 5 73 10 48 61 85 65 84 99 29 22 9 66 41 94 57 26 70 2 7 21 90 1 25 63 91 64 81 88 27 34 4 98 40
TEST 11 ARG:88 61 56 45 97 96 67 3 92 9 10 31 27 32 38 35 43 71 54 29 70 85 64 23 72 15 14 39 33 52 98 76 28 41 19 99 50 11 47 59 25 16 17 58 57 18 12 73 37 90 69 84 63 91 4 22 42 66 49 44 93 21 13 68 6 34 53 30 55 40 60 89 95 78 36 0 1 51 62 24 7 82 8 48 75 83 2 77 26 20 5 79 94 86 80 46 74 87 81 65
TEST 12 ARG:30 88 13 51 29 58 28 74 52 89 5 26 81 46 63 90 47 62 3 84 59 99 14 21 79 15 18 64 69 71 25 24 7 6 35 40 68 22 2 56 76 91 72 73 9 49 10 44 33 87 50 43 83 8 45 94 55 4 48 85 1 61 70 97 66 86 16 11 20 77 32 37 95 31 60 41 39 93 80 12 65 42 53 92 34 96 54 0 19 36 23 57 98 38 75 78 17 67 82 27
TEST 13 ARG:77 37 72 78 68 19 88 81 16 90 29 69 24 94 49 2 64 99 4 83 50 55 51 32 92 25 58 14 93 12 73 87 63 59 42 15 44 17 54 91 0 47 98 34 66 18 56 60 76 22 79 86 85 30 39 95 23 20 82 1 53 65 7 8 67 38 28 48 97 41 26 43 3 21 27 84 40 33 74 57 13 70 62 31 6 75 80 61 71 96 46 10 9 89 52 45 36 35 5 11
TEST 15 ARG:65 72 30 49 10 0 33 32 1 44 64 76 74 71 12 36 62 91 80 22 52 21 11 97 63 83 59 61 9 53 19 28 50 86 67 98 77 8 51 55 96 95 94 37 34 84 75 66 79 40 60 15 42 3 43 24 29 31 93 54 25 87 14 45 73 57 20 78 2 48 13 26 7 82 6 89 23 88 16 41 18 99 39 56 38 5 90 70 35 17 92 81 47 46 27 69 58 85 68 4
TEST 16 ARG:85 58 84 57 31 59 73 66 65 46 6 45 30 54 72 47 12 36 95 26 63 19 55 11 86 81 21 93 64 50 27 28 62 32 22 41 98 39 44 70 77 23 49 76 78 5 68 10 97 24 74 8 89 99 92 40 91 25 9 90 48 13 18 87 71 35 79 96 29 51 42 82 7 80 0 67 1 52 53 60 75 33 20 17 2 34 37 94 15 56 83 61 88 43 4 38 3 69 16 14
TEST 17 ARG:3 8 11 23 19 64 55 34 60 63 15 33 57 47 36 83 79 38 0 72 9 92 75 17 6 66 24 39 62 67 48 26 54 29 12 45 30 71 59 58 7 95 61 2 76 81 41 25 94 40 77 5 69 44 87 88 52 37 10 13 91 65 16 74 32 78 21 18 31 85 35 51 1 49 97 28 98 43 86 89 99 96 70 93 82 84 73 42 80 50 14 53 90 20 68 22 4 46 27 56
TEST 18 ARG:70 98 71 60 91 93 75 80 61 68 9 66 18 76 83 25 67 79 31 16 64 42 24 77 99 4 12 87 49 23 14 28 19 95 11 58 13 65 48 30 82 56 69 0 27 74 41 39 73 35 85 78 88 72 8 90 26 38 94 40 46 6 47 37 3 51 44 15 84 92 81 7 57 43 54 1 63 34 96 5 97 55 17 89 33 45 62 86 32 59 10 29 21 22 2 20 53 50 36 52
TEST 19 ARG:7 56 26 79 44 15 27 30 31 53 67 58 97 17 76 5 63 16 77 75 71 65 66 64 3 59 25 81 6 91 99 11 84 87 41 73 32 60 90 45 78 39 8 93 54 95 43 42 19 18 83 48 38 68 36 34 85 61 88 28 1 55 24 40 29 47 86 0 49 12 4 22 72 74 33 20 92 94 35 37 13 46 2 62 14 21 9 96 69 50 52 23 80 89 70 98 51 57 82 10
TEST 20 ARG:10 46 94 73 7 98 21 27 78 77 48 38 65 74 52 60 13 45 88 16 14 95 26 54 66 37 81 86 71 90 40 72 80 25 93 17 87 85 4 33 19 67 83 34 9 79 59 32 42 41 47 56 5 76 51 28 36 44 2 75 12 30 20 31 92 68 55 23 1 11 58 50 61 15 64 49 99 18 82 70 0 53 3 84 35 69 43 96 89 6 24 22 62 97 39 91 29 57 8 63
TEST 21 ARG:10 45 50 2 64 68 16 74 63 35 59 98 95 25 82 8 44 80 24 22 41 57 55 17 91 92 94 58 81 86 33 29 78 70 40 32 83 30 0 26 99 11 28 19 15 39 79 36 53 49 65 84 88 90 43 54 56 69 77 51 18 85 96 9 14 37 72 52 47 7 23 93 38 97 89 20 73 61 1 21 48 71 12 87 31 60 34 62 67 42 13 66 3 76 5 46 4 27 6 75
TEST 22 ARG:41 95 31 9 97 20 4 16 89 6 76 12 87 5 10 73 0 78 90 91 2 56 21 68 8 54 13 55 71 3 44 18 1 65 79 7 39 50 34 64 35 47 92 75 58 15 27 22 94 61 23 88 67 29 52 74 19 43 30 37 99 84 11 96 25 66 81 53 51 62 17 63 83 69 85 46 93 86 72 49 40 77 82 70 60 57 26 98 32 48 45 28 38 33 42 24 14 80 36 59
TEST 23 ARG:56 53 57 20 2 31 0 44 12 41 51 66 84 5 38 54 50 25 23 36 33 42 26 11 63 64 22 4 60 10 14 47 87 72 96 28 52 74 91 69 65 21 32 58 71 35 13 17 86 29 83 70 15 7 19 81 45 48 49 95 73 24 34 27 82 93 78 76 37 77 89 9 6 67 88 92 1 85 79 62 3 99 43 40 98 94 97 8 80 18 90 39 46 61 68 30 16 59 55 75
TEST 24 ARG:9 12 29 36 84 3 55 67 33 10 62 24 5 47 27 26 98 28 86 31 79 8 13 80 11 1 83 44 96 94 52 58 72 82 69 95 46 18 68 21 64 50 56 23 77 16 39 87 99 49 15 90 63 38 45 71 60 22 2 78 88 66 81 74 0 32 17 61 73 76 70 97 40 14 51 34 4 30 43 37 35 85 91 75 42 6 41 19 92 57 53 20 93 59 48 54 65 89 7 25
TEST 25 ARG:63 85 87 2 38 42 57 77 15 24 47 43 34 79 75 64 21 96 58 98 86 80 54 70 23 48 32 29 33 91 46 69 30 92 60 14 97 36 52 40 16 88 35 4 56 83 5 18 66 1 8 49 94 27 55 17 84 45 81 50 20 41 44 76 12 28 13 78 67 11 93 95 39 19 59 74 6 0 73 82 90 10 65 26 25 7 68 22 31 51 53 3 89 61 99 37 9 62 72 71
TEST 26 ARG:3 71 36 16 23 9 2 68 44 92 15 81 4 72 45 34 82 93 41 11 33 18 6 20 30 57 26 84 43 97 76 60 17 98 78 80 1 69 52 96 29 7 86 49 13 24 73 53 94 85 35 21 51 99 95 5 27 54 61 32 67 66 90 38 48 74 79 46 28 59 63 47 91 39 56 83 65 37 42 10 19 40 89 12 62 55 14 70 8 88 0 75 77 22 87 25 31 50 64 58
TEST 27 ARG:68 65 1 29 37 93 91 87 44 78 50 23 49 92 4 7 40 30 9 48 42 69 10 90 85 74 2 6 13 34 97 61 73 25 66 77 52 47 81 96 19 27 5 18 80 71 56 35 41 83 43 86 46 63 76 95 67 15 36 88 79 0 22 31 75 16 45 62 99 28 64 60 53 70 8 98 21 20 32 51 72 26 24 59 12 38 39 82 54 55 58 33 84 94 14 11 3 57 17 89
TEST 28 ARG:62 36 63 4 78 32 73 39 44 97 64 96 74 35 18 95 12 37 20 91 47 13 60 15 68 80 28 53 23 33 77 87 45 3 61 56 55 52 86 50 41 17 10 88 69 0 98 25 6 8 48 5 42 1 40 16 99 89 26 24 9 11 30 92 58 38 83 2 49 76 72 21 29 31 54 22 94 75 67 65 57 81 14 79 85 7 46 19 59 51 43 27 93 66 34 71 90 82 84 70
TEST 29 ARG:51 13 95 98 11 26 78 42 97 44 38 86 81 10 54 34 30 68 77 33 16 14 99 83 23 92 43 66 64 90 18 50 49 36 96 84 20 40 39 35 82 3 85 25 48 19 69 74 6 61 53 58 21 17 88 62 79 91 76 27 75 67 4 45 37 87 29 65 1 0 94 9 2 80 12 71 24 28 72 70 15 93 46 31 55 7 8 89 32 52 41 56 47 57 59 63 5 60 73 22
TEST 30 ARG:61 3 13 41 67 86 44 70 59 16 64 51 36 74 52 91 2 40 29 90 11 34 92 55 58 77 17 31 0 9 21 48 63 46 66 96 71 85 27 35 73 45 87 42 53 57 5 82 80 89 10 49 94 25 33 68 50 15 38 83 19 72 14 30 81 23 76 37 54 88 62 84 75 32 8 18 6 78 43 97 95 60 39 65 7 20 93 99 79 4 12 28 1 56 22 98 24 47 69 26
TEST 31 ARG:8 27 6 82 80 96 57 51 92 42 74 21 58 43 37 52 15 73 49 86 44 10 81 28 48 22 3 47 93 89 65 94 32 98 59 1 84 38 70 34 62 91 68 5 64 35 77 17 56 26 72 99 75 63 30 39 53 85 83 71 66 11 50 36 29 7 4 61 45 20 88 97 41 69 31 23 2 87 40 54 90 33 18 24 67 12 16 76 95 9 0 14 78 25 79 55 19 13 60 46
TEST 32 ARG:91 32 59 12 33 9 13 20 15 50 43 82 4 83 85 36 67 84 26 0 28 49 55 64 39 90 96 25 56 66 71 44 69 87 70 14 92 1 3 93 38 52 51 8 10 81 27 57 19 88 16 46 68 34 73 74 79 72 35 42 47 2 24 11 41 77 98 30 37 31 99 53 29 60 6 89 95 54 48 17 23 62 21 78 61 63 22 45 18 86 97 94 65 80 7 5 58 76 40 75
TEST 33 ARG:65 71 69 52 15 41 58 1 82 93 80 64 0 21 70 32 66 92 87 6 4 53 9 40 50 30 20 94 79 14 88 7 74 54 25 23 37 81 27 5 8 26 24 59 98 3 42 57 19 44 31 36 60 75 47 63 99 28 49 43 73 90 11 61 72 78 67 83 91 97 18 48 17 2 39 12 35 85 51 10 62 96 76 86 13 77 38 34 46 22 89 84 95 29 33 45 55 16 68 56
TEST 34 ARG:14 82 37 63 83 26 8 96 39 78 68 52 92 24 51 67 35 54 86 7 33 77 65 79 21 46 94 69 40 60 73 55 27 15 90 49 38 17 11 23 81 70 74 2 13 29 66 87 98 88 30 91 53 34 0 5 58 89 42 85 9 84 1 45 56 72 62 41 43 61 47 32 31 59 19 71 75 99 4 44 80 20 93 76 36 22 28 18 25 57 3 16 48 50 97 64 6 12 95 10
TEST 35 ARG:96 0 37 54 10 24 13 87 25 43 33 55 89 60 63 84 2 26 4 76 98 53 73 90 23 82 80 93 21 11 92 91 17 95 3 52 56 97 81 32 99 28 45 19 38 71 30 70 39 77 75 61 50 46 57 36 15 66 78 72 74 5 44 68 40 42 85 8 12 49 48 14 22 7 1 88 16 65 67 58 35 6 64 59 27 34 69 47 86 41 62 18 31 20 29 9 51 83 79 94
TEST 36 ARG:71 55 76 73 44 95 42 14 50 66 49 93 20 31 1 15 67 37 89 74 27 24 2 54 38 88 77 97 6 47 79 5 96 28 64 7 17 19 25 83 99 70 4 84 65 61 8 29 60 62 32 16 80 40 11 39 53 3 75 30 21 51 33 56 22 23 98 85 78 86 46 57 41 63 9 68 82 0 34 59 72 87 43 36 91 12 58 69 35 52 45 48 90 92 10 81 26 13 18 94
TEST 37 ARG:83 13 27 24 68 20 16 18 96 76 84 5 9 7 48 82 44 50 0 65 60 41 63 56 14 6 58 89 69 71 15 91 11 80 29 75 40 49 25 2 42 31 33 3 87 94 53 51 78 93 22 73 34 66 12 47 4 10 77 46 79 43 98 1 55 62 85 90 39 59 67 38 64 28 17 26 95 86 36 88 57 23 45 61 35 32 92 30 37 97 70 19 72 21 81 52 8 99 54 74
TEST 38 ARG:71 99 7 68 2 39 28 84 48 59 13 66 31 30 94 95 22 72 25 67 86 58 75 88 9 54 90 49 55 98 97 52 12 85 26 35 64 57 83 10 77 65 33 50 70 61 69 17 78 56 38 53 32 4 47 60 37 82 79 14 29 34 11 40 42 16 74 44 92 6 51 8 89 62 43 46 27 24 23 1 21 76 3 41 15 19 63 81 91 73 93 0 80 36 96 87 5 18 20 45
TEST 39 ARG:85 42 98 94 0 28 76 39 34 11 18 73 62 36 6 97 8 80 32 79 78 75 65 48 7 83 56 30 5 19 16 86 70 99 24 92 68 53 67 72 31 66 35 54 90 33 46 60 25 15 26 96 81 22 14 49 37 29 52 21 45 59 23 55 47 9 3 77 43 63 10 88 20 64 1 93 27 87 40 82 91 38 71 2 44 89 4 13 61 74 50 58 51 69 17 12 57 95 84 41
TEST 40 ARG:7 37 64 91 27 84 73 28 65 89 49 13 17 86 40 71 10 79 90 98 57 95 82 26 42 11 50 80 39 0 20 68 34 59 1 55 4 60 9 75 45 88 67 33 44 93 61 35 23 38 97 29 24 85 52 6 5 53 81 77 46 47 3 18 69 15 21 78 25 72 12 76 96 56 48 63 2 66 41 43 92 87 83 14 16 36 94 74 30 51 8 70 62 19 54 22 32 31 99 58
TEST 41 ARG:13 64 8 91 99 5 30 21 54 90 43 75 65 94 29 77 0 52 32 15 45 63 68 18 98 19 72 74 44 33 93 82 76 83 37 31 2 89 40 50 87 23 25 26 56 7 9 81 96 11 67 24 84 20 62 53 92 14 79 78 6 47 28 17 4 86 42 10 39 3 61 41 97 46 36 22 16 88 95 69 71 55 38 51 35 48 27 80 59 12 1 73 66 70 57 58 34 85 60 49
TEST 42 ARG:6 27 17 13 80 62 91 53 58 4 92 30 29 3 40 11 96 5 54 45 78 34 32 16 44 31 59 67 82 71 89 25 28 20 77 56 52 0 41 55 23 21 51 69 76 94 72 1 99 14 24 73 2 97 60 48 10 75 83 22 74 26 93 37 84 70 7 18 19 33 88 57 61 39 98 50 81 49 85 42 87 86 64 43 95 38 46 47 9 15 35 79 12 36 63 65 68 66 8 90
TEST 43 ARG:62 10 57 38 82 21 44 53 9 36 13 7 22 48 47 73 84 0 66 33 98 26 12 16 46 50 69 81 4 94 24 95 28 17 85 42 77 41 59 29 92 30 34 78 35 96 8 5 60 64 80 23 52 61 71 14 70 93 18 65 45 76 3 75 55 67 58 86 31 20 90 37 88 97 51 25 6 89 99 91 15 56 49 43 87 40 54 63 19 79 83 39 27 11 72 74 32 68 1 2
TEST 44 ARG:29 95 98 57 47 62 68 26 64 73 13 48 53 36 45 9 66 30 75 70 34 12 89 28 3 99 61 14 44 39 17 54 4 83 46 25 31 8 90 37 32 0 92 10 87 91 78 97 80 2 58 60 51 93 59 56 67 19 86 77 38 49 11 79 96 85 81 72 84 33 21 35 71 16 88 94 24 55 7 23 22 1 52 63 69 65 82 50 15 43 18 27 6 40 5 41 76 74 42 20
TEST 45 ARG:20 52 28 82 62 96 21 71 24 2 33 92 5 81 68 95 14 22 29 76 88 34 75 64 63 44 89 48 73 3 74 13 49 54 67 23 90 10 38 41 42 9 26 93 78 1 31 83 7 12 17 8 85 51 80 11 39 58 77 57 0 43 15 97 86 70 84 61 27 40 25 50 18 55 59 56 37 79 66 99 72 45 98 6 91 30 36 69 16 4 60 53 87 35 94 19 65 32 46 47
TEST 46 ARG:21 63 83 58 19 56 61 54 3 75 36 91 1 50 17 95 15 39 22 44 71 84 2 27 90 68 81 87 78 88 67 25 41 73 60 48 28 16 64 23 98 35 32 30 46 97 43 14 53 8 47 18 82 76 70 9 86 20 49 24 57 26 34 37 45 72 94 40 10 59 38 11 80 52 5 92 66 29 99 93 74 12 77 55 62 31 69 89 42 13 6 51 65 85 7 79 33 96 4 0
TEST 47 ARG:32 38 55 68 11 83 72 3 97 87 85 88 0 36 4 76 22 53 17 71 78 34 9 7 70 69 24 63 33 80 92 50 59 57 29 64 44 49 30 65 62 25 56 31 35 43 18 95 84 82 39 99 91 86 54 51 90 13 74 42 67 15 58 19 10 1 66 45 52 23 28 46 89 81 5 21 41 14 98 75 77 96 79 40 6 2 93 94 16 8 27 37 48 12 26 20 61 47 73 60
TEST 48 ARG:65 47 78 44 54 79 99 1 89 30 19 71 6 56 62 34 25 20 36 58 51 2 49 46 87 75 80 32 74 53 88 13 42 84 64 10 9 29 4 55 16 81 50 85 27 12 86 72 26 15 97 73 31 59 17 77 70 90 35 45 76 61 67 3 39 82 92 94 38 48 93 57 83 41 18 52 63 96 60 14 28 40 11 7 21 69 91 37 24 5 66 98 33 22 0 68 8 23 95 43
TEST 49 ARG:71 60 55 80 82 12 89 86 38 66 3 64 44 70 16 34 79 23 15 28 18 30 65 59 99 56 39 58 47 73 17 97 88 78 74 32 24 45 83 85 62 57 96 27 14 10 26 76 49 53 67 75 36 92 9 37 31 63 29 5 87 90 61 72 98 4 2 13 22 69 42 6 52 84 19 40 20 8 68 81 94 33 50 25 11 43 51 35 21 91 48 0 93 77 1 95 41 46 7 54
TEST 50 ARG:65 56 40 19 52 21 25 10 22 91 3 53 35 46 37 24 18 63 32 68 64 89 6 75 62 49 72 15 61 82 28 34 57 59 26 48 44 83 23 67 77 13 7 0 14 93 39 54 31 51 95 45 42 41 87 84 69 17 98 1 88 70 50 74 5 60 11 58 2 76 71 9 4 12 47 80 73 86 66 27 29 99 85 96 92 55 33 30 43 38 94 16 20 90 97 78 79 81 36 8
TEST 51 ARG:58 56 79 87 88 96 71 11 61 41 76 45 67 24 33 74 80 97 4 20 98 99 7 65 30 57 83 81 3 66 44 78 5 60 46 0 27 47 52 31 64 32 34 42 94 2 1 92 10 63 73 9 17 55 82 50 18 38 6 35 85 19 54 77 43 16 22 89 90 62 53 72 29 36 59 68 70 12 49 26 84 95 25 91 28 39 23 51 14 93 21 48 86 75 69 15 40 13 37 8
TEST 52 ARG:30 89 66 68 86 32 34 96 49 99 10 16 95 65 24 72 9 97 23 60 38 71 22 43 25 33 55 67 83 4 62 85 90 92 75 48 29 42 5 52 28 18 37 15 46 84 94 7 58 41 27 73 14 36 6 69 51 80 45 79 59 74 70 39 78 54 98 0 53 21 11 76 91 1 56 13 19 82 57 12 3 81 88 93 40 61 20 17 44 31 87 47 8 50 2 64 26 77 35 63
TEST 53 ARG:30 7 37 29 95 76 90 81 12 75 18 85 50 10 94 69 72 44 15 8 43 89 83 79 28 66 2 65 51 84 22 99 54 17 40 56 20 68 62 48 82 14 58 92 98 91 93 33 63 25 6 49 67 53 46 52 0 45 24 77 88 35 60 47 21 27 42 96 5 32 38 64 31 71 59 61 11 9 39 74 3 87 16 36 41 73 4 78 1 23 34 55 26 57 13 97 86 70 80 19
TEST 54 ARG:86 74 53 79 64 81 84 44 89 70 71 72 83 10 92 99 29 50 96 34 41 51 32 67 21 38 85 12 43 60 16 88 57 90 55 87 78 49 45 22 94 48 97 91 15 25 20 30 18 95 33 19 8 36 80 63 9 76 54 52 93 65 26 61 82 4 42 27 75 28 1 5 13 68 47 37 31 58 2 59 6 11 14 35 46 77 3 7 66 40 62 39 23 98 17 69 73 24 56 0
TEST 55 ARG:31 46 20 99 55 67 87 94 7 53 12 25 70 59 83 8 98 74 61 47 95 62 66 49 75 3 4 65 48 92 21 22 34 86 0 32 28 39 42 71 27 50 2 26 15 10 63 69 38 58 16 72 84 19 17 79 37 18 82 44 90 29 68 97 76 24 91 88 45 9 73 43 85 35 5 52 89 81 56 11 13 78 64 54 36 14 93 80 33 40 1 77 51 60 57 30 23 96 6 41
